0 15.221
1 14.8066
2 18.1455
3 15.2722
4 17.6489
5 14.356
6 16.3939
7 17.6361
8 24.5434
9 28.0021
10 18.6471
11 27.3651
12 29.1323
13 25.4988
14 26.4159
15 20.0863
16 15.5563
17 nan
18 28.4843
19 16.3717
20 24.826
21 21.0041
22 21.0624
23 14.1658
24 15.7533
25 12.5102
26 15.7881
27 23.1647
28 4.32914
29 nan
30 14.5038
31 19.9227
32 9.75909
33 19.3403
34 10.8697
35 18.5864
36 20.8256
37 17.9476
38 11.7104
39 8.7771
40 20.4559
41 19.3516
42 19.966
43 17.7574
44 11.5402
45 16.7551
46 14.7672
47 14.8771
48 16.2902
49 18.3287
51 22.4529
52 12.7687
53 19.4031
54 nan
55 15.041
56 7.40138
57 9.44277
58 17.3937
59 1.47081
60 12.2849
61 16.6473
62 12.0144
63 19.6868
64 15.2533
65 13.9788
66 14.558
67 15.3767
68 16.6594
69 15.3842
70 27.7363
71 28.374
72 21.7437
73 23.0763
74 17.2022
75 26.311
76 23.3764
77 22.6911
78 18.9351
79 16.8699
80 10.0141
81 10.4639
82 19.5591
83 20.9971
84 24.6224
85 19.2961
86 nan
87 23.7327
88 20.6123
89 10.3003
90 22.6166
91 19.5311
92 45.6165
93 22.6828
94 12.3621
95 16.6051
96 16.8523
97 16.1629
98 18.5232
99 18.4267
100 19.9975
101 21.8974
102 16.9859
103 24.4239
104 14.5506
105 27.1116
106 20.2809
107 23.9808
108 24.6975
109 2.84714
110 14.4183
111 18.1144
112 13.3883
113 11.8457
114 13.0241
116 18.1997
117 22.2691
118 19.6444
119 6.6938
120 20.7257
121 6.347
122 20.0392
123 15.5247
124 14.9797
125 23.7549
126 28.1773
127 26.3793
128 21.8184
129 27.2146
130 21.7105
131 19.4277
132 24.35
133 7.65651
134 26.673
135 nan
136 10.4158
137 18.1132
138 nan
139 22.211
140 nan
141 -6.32141
142 2.43865
143 -1.50297
144 13.6105
145 16.0198
146 11.9819
147 9.78818
148 -8.18689
149 11.6303
150 7.01362
151 1.41006
152 -8.36564
153 40.6518
154 1.34001
155 0.866218
156 26.0094
157 29.172
158 33.8148
159 33.5207
160 35.0485
161 34.8885
162 32.2825
163 29.5477
164 36.8917
165 38.5182
166 39.4338
167 38.0813
168 38.7801
169 44.662
170 37.811
171 39.182
172 4.705
173 17.4431
174 16.9014
175 9.48216
176 18.3546
177 5.92655
178 9.06883
179 10.3078
180 15.1664
181 25.3961
182 22.5703
183 13.6742
184 1.45815
185 23.6071
186 16.77
187 33.6563
188 33.8141
189 32.0918
190 34.2732
191 34.5808
192 33.3789
193 33.1037
194 32.7417
195 39.2187
196 37.0906
197 40.44
198 35.9204
199 40.7325
200 34.89
201 37.8403
202 36.3301
203 -1.35057
204 6.96278
205 13.7156
206 8.48004
207 14.4076
208 -2.31589
209 8.61078
210 12.3051
211 24.6178
212 21.7086
213 24.6175
214 24.2784
215 14.3368
216 22.2193
217 25.9291
218 35.1715
219 31.2926
220 35.9005
221 38.1504
222 35.0277
223 36.3788
224 35.3401
225 37.1923
226 38.1461
227 42.6474
228 41.8799
229 38.5
230 39.9834
231 38.4943
232 38.2828
233 40.2649
234 18.3061
235 2.63897
236 18.8629
237 16.5195
238 20.4331
239 19.8335
240 17.8753
241 10.9961
242 24.2162
243 24.9243
244 23.9869
245 21.4692
246 20.1187
247 25.29
248 33.4224
249 36.6293
